25.02642857142857
36.68928571428572
21.638571428571428
32.51642857142857
17.837142857142858
20.619285714285713
22.61357142857143
31.380714285714287
44.75214285714286
20.95357142857143
25.63
21.155714285714286
53.65785714285714
17.78142857142857
17.625
8.497857142857143
9.628571428571428
10.641428571428571
9.202142857142857
11.281428571428572
9.057142857142857
11.123571428571429
8.645
9.267857142857142
13.069285714285714
14.055714285714286
12.468571428571428
9.883571428571429
8.51
7.6814285714285715
10.357857142857142
12.403571428571428
17.017857142857142
11.562857142857142
8.452142857142857
9.442857142857143
9.13
18.791428571428572
19.47142857142857
13.445
13.969285714285714
25.562857142857144
22.634285714285713
8.595714285714285
27.472857142857144
25.825
20.239285714285714
35.54642857142857
34.182857142857145
13.842857142857143
