68.53428571428572
26.896428571428572
35.887142857142855
26.126428571428573
28.452142857142857
21.208571428571428
18.99
30.127857142857142
17.424285714285713
16.677142857142858
15.20357142857143
39.22857142857143
24.782857142857143
27.412142857142857
21.337857142857143
12.234285714285715
39.87
37.42
11.675
9.780714285714286
9.715
9.278571428571428
8.257857142857143
10.297857142857143
9.436428571428571
9.25
7.355
6.460714285714285
8.26
9.218571428571428
13.225
10.025
13.86
17.254285714285714
9.560714285714285
36.22857142857143
14.842857142857143
12.645
17.662857142857142
21.97714285714286
12.36
9.77
11.075714285714286
7.3585714285714285
32.06142857142857
17.55785714285714
20.068571428571428
31.014285714285716
35.89714285714286
35.42785714285714
