37.53642857142857
28.268571428571427
20.42642857142857
33.464285714285715
14.557142857142857
31.571428571428573
28.835
23.292857142857144
37.09285714285714
23.13142857142857
48.25857142857143
50.22857142857143
34.79714285714286
35.587857142857146
52.3
47.50142857142857
38.37642857142857
9.711428571428572
17.602857142857143
11.396428571428572
11.673571428571428
11.607857142857142
12.562142857142858
10.355714285714285
9.639285714285714
11.146428571428572
6.38
8.367857142857142
7.284285714285715
8.335
8.498571428571429
7.706428571428572
9.48
14.7
9.21642857142857
15.16
11.016428571428571
10.485
10.398571428571428
11.153571428571428
7.562142857142857
8.285
6.958571428571428
5.479285714285714
7.810714285714286
8.441428571428572
13.566428571428572
13.38
9.876428571428571
24.85142857142857
