45.525
33.45142857142857
26.850714285714286
18.89857142857143
23.95642857142857
13.374285714285714
14.882857142857143
22.63357142857143
24.29357142857143
18.570714285714285
17.805714285714284
16.745714285714286
12.062142857142858
17.302857142857142
16.335
9.604285714285714
10.965
6.877857142857143
13.102857142857143
10.147142857142857
8.82857142857143
8.27
16.234285714285715
9.780714285714286
9.427857142857142
8.87
7.762142857142857
6.102142857142857
7.755
9.696428571428571
14.014285714285714
8.028571428571428
10.873571428571429
8.562857142857142
8.657142857142857
13.691428571428572
6.110714285714286
8.243571428571428
8.087857142857143
14.32857142857143
8.405
7.115714285714286
9.562857142857142
6.475714285714286
9.715714285714286
8.605714285714285
7.175714285714286
6.689285714285714
7.183571428571429
7.192142857142857
