27.295714285714286
33.02
27.359285714285715
21.735
28.687142857142856
24.809285714285714
13.893571428571429
22.785714285714285
39.93571428571428
19.46
13.883571428571429
19.76642857142857
15.309285714285714
16.18285714285714
15.337142857142856
11.790714285714285
11.825
11.447857142857142
10.45
8.142857142857142
8.72
10.176428571428572
7.191428571428571
8.081428571428571
12.816428571428572
10.878571428571428
10.211428571428572
8.627142857142857
9.316428571428572
9.06
12.874285714285714
17.624285714285715
11.169285714285714
15.067142857142857
16.889285714285716
24.86857142857143
14.422142857142857
26.72357142857143
16.665714285714287
25.207142857142856
28.850714285714286
8.933571428571428
8.823571428571428
10.405
16.312857142857144
8.23857142857143
7.0164285714285715
12.577142857142857
10.827142857142857
8.755
